px py pz ox oy oz ow
0.431821 -0.107538 0.141754 0.998601 0.0497751 -0.0153673 0.00905243
0.431822 -0.107537 0.141756 0.998601 0.0497725 -0.0153653 0.00905229
0.431821 -0.107538 0.141756 0.998601 0.0497728 -0.015365 0.00905211
0.431822 -0.107538 0.141755 0.998601 0.0497733 -0.0153662 0.00905164
0.431823 -0.107535 0.141756 0.998601 0.0497772 -0.0153655 0.00905265
0.43182 -0.107536 0.141754 0.998601 0.0497737 -0.0153673 0.00905196
0.431822 -0.107539 0.141756 0.998601 0.0497714 -0.0153651 0.00905251
0.431821 -0.107538 0.141755 0.998601 0.0497737 -0.015367 0.00905223
0.431822 -0.107536 0.141756 0.998601 0.0497798 -0.0153663 0.00905191
0.431822 -0.107537 0.141756 0.998601 0.0497736 -0.0153649 0.00905236
0.431822 -0.107538 0.141755 0.998601 0.0497742 -0.0153661 0.0090522
0.431824 -0.107538 0.141758 0.998601 0.0497734 -0.0153629 0.00905294
0.431823 -0.107536 0.141757 0.998601 0.0497759 -0.0153642 0.00905278
0.431822 -0.107536 0.141754 0.998601 0.0497743 -0.0153669 0.0090521
0.431821 -0.107536 0.141756 0.998601 0.0497763 -0.015366 0.00905196
0.431823 -0.107537 0.141755 0.998601 0.0497753 -0.0153661 0.00905251
0.431825 -0.107531 0.141757 0.998601 0.0497836 -0.0153642 0.00905251
0.431821 -0.107538 0.141754 0.998601 0.0497726 -0.0153673 0.00905262
0.431821 -0.107535 0.141753 0.998601 0.0497755 -0.0153683 0.00905133
0.431822 -0.107536 0.141756 0.998601 0.0497751 -0.0153659 0.0090517
0.431821 -0.107538 0.141756 0.998601 0.0497733 -0.0153654 0.00905226
0.431819 -0.107565 0.141757 0.998603 0.0497434 -0.0153632 0.00905418
0.43183 -0.107552 0.141764 0.998602 0.04976 -0.0153539 0.00905618
0.431824 -0.107552 0.141756 0.998602 0.0497606 -0.0153644 0.00905493
0.431817 -0.107589 0.141762 0.998604 0.0497218 -0.0153581 0.00905747
0.431837 -0.107684 0.141803 0.99861 0.0496184 -0.0153045 0.00907112
0.432071 -0.107678 0.141958 0.998609 0.0496792 -0.0150873 0.00913428
0.432462 -0.107655 0.142241 0.998608 0.049799 -0.0147027 0.00923576
0.432951 -0.107763 0.142649 0.998615 0.0497956 -0.0141604 0.00937522
0.433728 -0.107935 0.143323 0.998626 0.0497868 -0.0132744 0.00959649
0.434472 -0.108093 0.143958 0.998634 0.0497897 -0.012439 0.00980814
0.435418 -0.108294 0.144898 0.998647 0.0497694 -0.0112411 0.0100737
0.436086 -0.108411 0.145729 0.998656 0.0497624 -0.0102265 0.0102548
0.436587 -0.108451 0.146516 0.998663 0.0497789 -0.00929821 0.0103821
0.437006 -0.108446 0.147475 0.998671 0.0497944 -0.00821421 0.0104774
0.437327 -0.108438 0.148231 0.998676 0.049804 -0.00736089 0.0105497
0.437745 -0.10842 0.149239 0.998682 0.049824 -0.00623335 0.0106414
0.438283 -0.108426 0.150584 0.998689 0.0498171 -0.00476684 0.0107559
0.438776 -0.108423 0.151984 0.998695 0.0498027 -0.00335154 0.0108388
0.439325 -0.108421 0.153424 0.998698 0.049796 -0.00183624 0.0109463
0.439953 -0.10842 0.15494 0.998697 0.0498066 -0.000128456 0.0110955
0.440926 -0.108286 0.157084 0.998683 0.0499853 0.00229946 0.0113222
0.442103 -0.107983 0.159566 0.99865 0.0503755 0.0051057 0.0115922
0.442925 -0.107665 0.161405 0.998616 0.0507492 0.00716721 0.0117718
0.443768 -0.107288 0.163328 0.998575 0.0511756 0.00931959 0.0119523
0.444458 -0.106931 0.164901 0.998534 0.0515745 0.0110773 0.0120978
0.445181 -0.106538 0.16645 0.998489 0.0520218 0.0128153 0.0122502
0.445913 -0.10619 0.167833 0.998443 0.052439 0.0143888 0.0124118
0.447496 -0.105677 0.169999 0.998372 0.0529628 0.0169506 0.0126631
0.44824 -0.105517 0.170744 0.998346 0.053125 0.0178766 0.0127926
0.449695 -0.1053 0.171832 0.998311 0.053212 0.0192785 0.0131099
0.451058 -0.105076 0.172734 0.998268 0.0534887 0.0204556 0.0134534
0.452506 -0.104791 0.173662 0.998213 0.0539453 0.0216672 0.0138205
0.454067 -0.104504 0.174685 0.998146 0.054532 0.022992 0.0142217
0.455038 -0.104376 0.1754 0.998108 0.0547654 0.0238978 0.014474
0.456117 -0.104309 0.176244 0.998067 0.0549709 0.0249549 0.014761
0.457261 -0.104335 0.177147 0.998024 0.0551329 0.0260834 0.0150742
0.457994 -0.104403 0.177722 0.998 0.0551794 0.026806 0.0152792
0.458447 -0.104489 0.177975 0.997987 0.0552002 0.0271506 0.0154148
0.458757 -0.104565 0.17798 0.997983 0.0552106 0.0272176 0.015509
0.459197 -0.104597 0.177837 0.99798 0.0552626 0.0271623 0.0156329
0.460347 -0.104536 0.177765 0.997967 0.0553401 0.0273134 0.0159304
0.460844 -0.104494 0.17777 0.997961 0.055359 0.0274127 0.0160575
0.461696 -0.104424 0.177711 0.997958 0.055295 0.027515 0.0162723
0.462695 -0.104318 0.177427 0.997967 0.0551162 0.0274264 0.0165182
0.463595 -0.104123 0.176865 0.998014 0.0543698 0.0270531 0.0167224
0.464565 -0.10392 0.1764 0.998063 0.0535222 0.0268146 0.0169488
0.46569 -0.103727 0.176116 0.998086 0.0530115 0.0267797 0.0172283
0.46702 -0.103522 0.175857 0.998126 0.0521393 0.026807 0.0175496
0.468662 -0.103248 0.175714 0.998129 0.0518335 0.0270073 0.0179607
0.470074 -0.102982 0.175669 0.998101 0.0521152 0.0272535 0.018325
0.471386 -0.102767 0.175664 0.998061 0.0526212 0.0275175 0.0186738
0.472389 -0.102609 0.175608 0.998029 0.0530462 0.027671 0.0189426
0.473788 -0.102445 0.175579 0.997985 0.0535878 0.0279356 0.0193217
0.474782 -0.102348 0.175641 0.997956 0.0539018 0.0282084 0.0195872
0.475913 -0.102293 0.175689 0.997934 0.0540314 0.0285051 0.0198908
0.476819 -0.102336 0.175613 0.997934 0.0538679 0.0286447 0.020141
0.477783 -0.102427 0.175485 0.997937 0.0536532 0.0287463 0.0204091
0.478613 -0.102511 0.175373 0.997933 0.0535973 0.0288315 0.020643
0.479776 -0.102613 0.175238 0.997918 0.0536733 0.0289739 0.0209689
0.480695 -0.102713 0.175127 0.997907 0.0537194 0.0290901 0.0212212
0.481887 -0.102841 0.174908 0.997901 0.0536463 0.0291848 0.0215244
0.483102 -0.102958 0.174712 0.997907 0.053353 0.0293064 0.0218306
0.484768 -0.103039 0.174501 0.99793 0.052623 0.0295262 0.0222639
0.486082 -0.103012 0.1742 0.99797 0.0516735 0.0295861 0.022597
0.487751 -0.102929 0.173837 0.998009 0.0506715 0.0296848 0.0230202
0.489297 -0.10286 0.173577 0.998034 0.0498954 0.0298506 0.023413
0.490893 -0.102765 0.173222 0.998032 0.0496777 0.0299387 0.0238269
0.492597 -0.102701 0.172817 0.998014 0.0497731 0.0300047 0.0242844
0.494094 -0.10271 0.172323 0.997998 0.0499256 0.0299414 0.024702
0.49545 -0.102782 0.171685 0.997993 0.0499709 0.0297166 0.0250908
0.496751 -0.102919 0.171001 0.997991 0.0499777 0.0294429 0.0254693
0.498105 -0.103112 0.170066 0.997997 0.049944 0.0289765 0.0258553
0.499021 -0.10322 0.169297 0.998004 0.0499257 0.0285447 0.0260884
0.50026 -0.103347 0.168397 0.998007 0.0499621 0.0280937 0.0264028
0.501384 -0.103403 0.167347 0.998007 0.0501324 0.0274807 0.0267117
0.502509 -0.103371 0.166273 0.998004 0.0503753 0.0268597 0.026999
0.503992 -0.10333 0.165158 0.997995 0.0506385 0.0263347 0.0273629
0.505064 -0.103287 0.164473 0.99799 0.0507405 0.0260707 0.0276135
0.507026 -0.103204 0.163532 0.997981 0.0507568 0.0258655 0.0280711
0.508519 -0.103118 0.162737 0.997997 0.0503785 0.0256539 0.0284034
0.509681 -0.102962 0.161823 0.998042 0.0495426 0.0252545 0.0286393
0.511022 -0.102659 0.16049 0.998087 0.0488338 0.0245614 0.028895
0.512039 -0.10235 0.15928 0.998135 0.0480705 0.023884 0.0290707
0.512937 -0.102056 0.158104 0.998204 0.0468538 0.0232234 0.0292127
0.513884 -0.101779 0.156867 0.998264 0.0458088 0.022524 0.0293747
0.514952 -0.101559 0.155624 0.998305 0.0451041 0.0218584 0.0295837
0.515755 -0.101397 0.154417 0.998324 0.0449069 0.0211272 0.0297572
0.516528 -0.101255 0.153246 0.998329 0.045019 0.0204123 0.0299326
0.517535 -0.101107 0.151898 0.998325 0.0452961 0.0196368 0.0301652
0.518533 -0.10096 0.150426 0.998322 0.0455802 0.0187639 0.0304011
0.519375 -0.100902 0.149082 0.998321 0.0457633 0.0179641 0.03062
0.520336 -0.100975 0.147699 0.998324 0.0458108 0.0171911 0.0308981
0.521199 -0.101117 0.146246 0.998328 0.0458664 0.0163065 0.0311713
0.521867 -0.101246 0.144496 0.998331 0.0460484 0.0151143 0.0314118
0.522373 -0.101319 0.142509 0.998334 0.0462969 0.0136723 0.0316094
0.522746 -0.101278 0.140392 0.998334 0.0466308 0.0120861 0.0317528
0.523016 -0.101086 0.138702 0.998329 0.0470035 0.0108174 0.0318159
0.52335 -0.100708 0.137076 0.998318 0.0474785 0.00963796 0.0318403
0.52366 -0.100149 0.135618 0.9983 0.0480738 0.00858836 0.0318013
0.524038 -0.0993503 0.134355 0.998271 0.0488871 0.00772859 0.0317013
0.524582 -0.0982553 0.133512 0.998227 0.049957 0.00727531 0.031537
0.525423 -0.0964612 0.133195 0.998156 0.0515468 0.00737485 0.031208
0.526057 -0.0949182 0.133347 0.998099 0.0527754 0.00777141 0.0308663
0.526664 -0.0931512 0.133577 0.998038 0.0540943 0.00822903 0.0304422
0.527153 -0.0913781 0.133716 0.997977 0.0553901 0.00856085 0.0300198
0.527474 -0.0897554 0.133738 0.997929 0.0564243 0.00873401 0.0296315
0.527786 -0.0876831 0.133663 0.997919 0.0568464 0.00885413 0.0291205
0.528011 -0.0861051 0.133613 0.997985 0.0558712 0.00897327 0.0287179
0.528197 -0.0848045 0.133662 0.998121 0.0535361 0.00912362 0.0283654
0.528335 -0.0844048 0.133903 0.998268 0.0507272 0.00943704 0.0282465
0.528401 -0.0844733 0.134363 0.998419 0.0476203 0.0098111 0.0282157
0.528388 -0.0846533 0.134864 0.998496 0.0459311 0.0100676 0.0281861
0.528302 -0.084898 0.135513 0.998528 0.0451983 0.0102866 0.0281594
0.528223 -0.0851806 0.136321 0.998539 0.0448686 0.0107003 0.028155
0.528285 -0.0855217 0.137464 0.998545 0.0444832 0.0115664 0.028205
0.528123 -0.0858038 0.138554 0.998554 0.0441172 0.0121662 0.0281884
0.527581 -0.0859696 0.139425 0.998571 0.0437966 0.0122511 0.0280542
0.526719 -0.0860233 0.140295 0.998592 0.0435135 0.0121261 0.0278211
0.525696 -0.0859911 0.141177 0.998611 0.0432648 0.0120695 0.0275441
0.524511 -0.0858431 0.142169 0.998628 0.0430693 0.0121169 0.0272072
0.523263 -0.0855993 0.143179 0.998641 0.04295 0.012252 0.0268575
0.52219 -0.0853447 0.144304 0.998646 0.0428636 0.0127408 0.0265631
0.521331 -0.0851091 0.145648 0.998647 0.0427787 0.0135161 0.0263115
0.520761 -0.0848433 0.148161 0.99863 0.0426731 0.0153738 0.026081
0.520608 -0.0846972 0.150325 0.998609 0.0425771 0.0171026 0.0259658
0.520338 -0.084546 0.152547 0.998588 0.0424554 0.0188043 0.0258201
0.519467 -0.0843055 0.154664 0.99858 0.0423156 0.0199171 0.025508
0.51792 -0.0839945 0.156643 0.998593 0.042117 0.0203381 0.0250037
0.516368 -0.0837515 0.157828 0.998616 0.041928 0.0201602 0.0245333
0.514404 -0.0834803 0.158859 0.998649 0.0416969 0.0196839 0.0239735
0.512362 -0.08326 0.160157 0.998674 0.0413827 0.0197224 0.0234391
0.510752 -0.083156 0.161263 0.99869 0.0410606 0.0200231 0.023042
0.509322 -0.083162 0.162159 0.998707 0.0406865 0.0203302 0.0227088
0.5076 -0.0832631 0.163071 0.998733 0.0401602 0.0205609 0.0223084
0.506097 -0.0834327 0.163763 0.998759 0.0396277 0.0206868 0.0219689
0.504806 -0.0836279 0.164453 0.998781 0.0391182 0.0208909 0.0216907
0.5035 -0.083854 0.165195 0.998802 0.0385771 0.0211365 0.0214251
0.502204 -0.0840552 0.165732 0.998825 0.0380792 0.0212041 0.0211683
0.500852 -0.0841566 0.166087 0.998849 0.0376763 0.0211009 0.0208998
0.498973 -0.0842272 0.166265 0.998883 0.0372088 0.0206848 0.0205261
0.497606 -0.0843183 0.166485 0.998907 0.0368224 0.0204701 0.020255
0.496534 -0.0844311 0.166662 0.998927 0.0364753 0.0203095 0.0200459
0.495394 -0.0846462 0.166809 0.998952 0.0360174 0.0201065 0.0198376
0.494375 -0.0849439 0.167116 0.998974 0.0354955 0.0200884 0.0196638
0.493548 -0.0853143 0.167565 0.998993 0.0349346 0.0202581 0.0195372
0.492701 -0.0857856 0.168123 0.999013 0.0342638 0.0205263 0.0194166
0.491677 -0.0862169 0.168656 0.999035 0.0335895 0.0207218 0.0192486
0.490534 -0.0865556 0.168999 0.99906 0.0329911 0.0206776 0.0190388
0.488995 -0.0868392 0.169374 0.99909 0.0323484 0.0205617 0.0187302
0.48768 -0.0869702 0.169686 0.999111 0.0318969 0.0204842 0.0184455
0.486253 -0.0870336 0.169998 0.999132 0.0314783 0.0203802 0.0181187
0.484767 -0.0870166 0.170428 0.99915 0.0311093 0.0203797 0.0177603
0.483383 -0.086892 0.171022 0.999161 0.0308512 0.0205696 0.0174056
0.482015 -0.0867282 0.17159 0.99917 0.0306367 0.020734 0.0170485
0.480629 -0.0865184 0.172297 0.999176 0.0304516 0.0210381 0.0166797
0.47885 -0.0862342 0.173205 0.999182 0.0302291 0.0214349 0.016205
0.47722 -0.0859914 0.173931 0.999189 0.0300176 0.021716 0.0157776
0.475443 -0.0857365 0.174641 0.999198 0.029781 0.0219608 0.0153173
0.473481 -0.0855307 0.175238 0.999213 0.0294618 0.0220588 0.0148218
0.471689 -0.0854374 0.175839 0.999227 0.0290617 0.0222255 0.0143761
0.469966 -0.0854424 0.176323 0.999245 0.0285964 0.0223065 0.0139581
0.468106 -0.0856233 0.176691 0.99927 0.0279508 0.0222558 0.0135264
0.466421 -0.0858917 0.176705 0.999295 0.0274955 0.0218986 0.0131546
0.464689 -0.0862311 0.176355 0.99933 0.0269677 0.02118 0.0127851
0.462735 -0.0866898 0.175713 0.999375 0.0263055 0.0201314 0.0123789
0.461086 -0.0871043 0.174858 0.999418 0.0256874 0.0189284 0.0120487
0.459467 -0.0875608 0.173713 0.999466 0.0250014 0.0174439 0.0117382
0.45792 -0.0879439 0.172511 0.999512 0.0243346 0.0159139 0.0114392
0.456517 -0.0882377 0.171448 0.999549 0.023779 0.0145447 0.0111623
0.455231 -0.0884853 0.170495 0.999581 0.0232912 0.0133055 0.0109053
0.453902 -0.0887386 0.169501 0.999612 0.0227844 0.0120145 0.0106383
0.452672 -0.0889511 0.168577 0.999638 0.022325 0.0108146 0.0103895
0.451372 -0.0891838 0.167612 0.999665 0.0218352 0.00955623 0.0101282
0.450095 -0.0894324 0.166684 0.999689 0.0213293 0.00833994 0.00987141
0.448611 -0.0897385 0.165595 0.999716 0.0207161 0.00691022 0.00957398
0.447433 -0.0899736 0.164743 0.999735 0.0202461 0.0057866 0.00934015
0.446151 -0.0901704 0.163817 0.999744 0.0201163 0.00451938 0.00927098
0.444748 -0.0902475 0.162775 0.999756 0.0199176 0.00312287 0.00906525
0.443465 -0.0902394 0.161821 0.999766 0.0196754 0.0018572 0.00879261
0.441866 -0.0901571 0.160625 0.999775 0.0194374 0.000269763 0.00844635
0.440629 -0.0900751 0.159698 0.999781 0.0192659 -0.000968131 0.00817507
0.439386 -0.0900075 0.158771 0.999784 0.0190756 -0.00220443 0.00790509
0.438486 -0.0899608 0.158095 0.999786 0.0189384 -0.00310315 0.00770985
0.437646 -0.0899455 0.157458 0.999788 0.0187745 -0.00394265 0.00753131
0.436967 -0.0899419 0.15692 0.999788 0.0186385 -0.00464253 0.00738927
0.436405 -0.0899392 0.156389 0.999788 0.0185333 -0.00526366 0.00728356
0.435787 -0.0899367 0.155744 0.999786 0.0184283 -0.00606384 0.00716569
0.435297 -0.0899281 0.155149 0.999783 0.0183672 -0.00679046 0.00707755
0.434829 -0.0899228 0.154447 0.999779 0.018316 -0.00759756 0.00700701
0.434536 -0.089924 0.153725 0.999773 0.0183115 -0.00829455 0.00699638
0.434324 -0.0899256 0.152961 0.999767 0.018333 -0.00894942 0.00701818
0.434119 -0.0899394 0.152123 0.99976 0.0183608 -0.00960613 0.00706009
0.433839 -0.0899657 0.151155 0.999752 0.0183575 -0.0104275 0.00708884
0.433365 -0.0899621 0.149909 0.999737 0.0183752 -0.0117697 0.0070629
0.433006 -0.0899662 0.14895 0.999725 0.0183839 -0.0127714 0.00704877
0.432614 -0.0899746 0.147827 0.99971 0.0183982 -0.0138757 0.0070492
0.432256 -0.0899722 0.146927 0.999696 0.0184048 -0.0148551 0.00702673
0.431985 -0.0899802 0.146175 0.999684 0.0184095 -0.0156249 0.0070222
0.431846 -0.090006 0.145528 0.999676 0.0184194 -0.0160643 0.00706979
0.431858 -0.0900501 0.144981 0.999674 0.018436 -0.0161435 0.00718027
0.431911 -0.0901027 0.144473 0.999674 0.018444 -0.0161007 0.00730742
0.43189 -0.0901432 0.143972 0.999671 0.0184473 -0.0162286 0.00739256
0.43189 -0.0901788 0.143476 0.999668 0.0184646 -0.0163218 0.00748718
0.432022 -0.090248 0.142982 0.99967 0.0184798 -0.0160983 0.00765554
0.432171 -0.0903165 0.142489 0.999673 0.0185006 -0.0158338 0.00783258
0.432298 -0.0903817 0.142007 0.999674 0.0185153 -0.0156344 0.00799303
0.432442 -0.0904493 0.141521 0.999676 0.018536 -0.0154035 0.008164
0.432738 -0.0905345 0.141037 0.999682 0.0185721 -0.0148049 0.00841759
0.433045 -0.0906196 0.140523 0.999688 0.018619 -0.0141946 0.00868213
0.433003 -0.09063 0.139828 0.999683 0.0186834 -0.0143943 0.00879565
0.432726 -0.0905155 0.139198 0.99967 0.0188083 -0.0151233 0.00876658
0.432513 -0.0902873 0.138615 0.999655 0.0190699 -0.0157901 0.00874169
0.432416 -0.0899071 0.138219 0.99964 0.019502 -0.0162398 0.00872077
0.432474 -0.0894078 0.138124 0.999627 0.0200701 -0.0163435 0.00871078
0.432625 -0.0887995 0.138169 0.999614 0.020766 -0.0162798 0.00870691
0.432803 -0.0879808 0.138189 0.999595 0.0216963 -0.0162423 0.00869834
0.433007 -0.086968 0.138184 0.99957 0.0228393 -0.0162293 0.00868382
0.433192 -0.0859304 0.138167 0.999542 0.0240123 -0.0162437 0.00866352
0.433349 -0.0849115 0.138135 0.999514 0.0251594 -0.016282 0.00863777
0.433491 -0.0838184 0.138081 0.999481 0.0263877 -0.0163493 0.00860604
0.433604 -0.0827588 0.138017 0.999448 0.0275714 -0.0164362 0.00857302
0.433631 -0.0818098 0.137922 0.999417 0.0286114 -0.0165833 0.00853429
0.433575 -0.0810025 0.137784 0.999388 0.0294809 -0.0167863 0.00848795
0.433459 -0.0803 0.13762 0.999362 0.0302331 -0.0170144 0.00843548
0.433349 -0.0797583 0.137482 0.999342 0.0308121 -0.017208 0.00839484
0.433258 -0.0792738 0.137371 0.999323 0.0313238 -0.0173651 0.00836437
0.433271 -0.0788169 0.137323 0.999307 0.0318223 -0.0174273 0.00835403
0.433344 -0.0784209 0.137331 0.999293 0.0322533 -0.0174136 0.0083496
0.433416 -0.0780275 0.13735 0.999287 0.0324592 -0.0173888 0.00834708
0.433464 -0.0776797 0.137358 0.999278 0.0327209 -0.01739 0.00833369
0.433509 -0.0773316 0.137354 0.999266 0.0330985 -0.017405 0.00831698
0.433572 -0.0769753 0.137364 0.999253 0.0334983 -0.0173978 0.00830355
0.433627 -0.0766372 0.137383 0.999241 0.0338717 -0.0173886 0.00828564
0.433674 -0.0761474 0.137421 0.999222 0.0344081 -0.0174413 0.0082459
0.43376 -0.0757817 0.137525 0.999209 0.0348129 -0.0173635 0.00822375
0.43395 -0.0754389 0.137785 0.999201 0.0351899 -0.0170511 0.00822156
0.434201 -0.0751579 0.138229 0.9992 0.0354636 -0.0165335 0.00822726
0.434565 -0.0749034 0.138977 0.999208 0.0356268 -0.015683 0.00824294
0.435061 -0.074646 0.140222 0.99922 0.0358116 -0.014461 0.00823881
0.435475 -0.0745329 0.141493 0.999233 0.035884 -0.0133616 0.00821142
0.436027 -0.0745419 0.143066 0.999254 0.0358312 -0.011831 0.00821537
0.436574 -0.0745681 0.14439 0.999272 0.0357798 -0.0103591 0.00825959
0.437278 -0.0745785 0.146052 0.99929 0.0357513 -0.00846921 0.00832443
0.437932 -0.0745593 0.147615 0.999303 0.0357547 -0.00670756 0.0083826
0.438419 -0.0745324 0.14898 0.999311 0.0357523 -0.00525862 0.00840757
0.438757 -0.0745059 0.150024 0.999317 0.0357423 -0.00422499 0.00840758
0.438996 -0.0744906 0.150714 0.999319 0.0357413 -0.00354595 0.00841282
0.43923 -0.0744726 0.151227 0.999321 0.0357579 -0.00295121 0.00843712
0.43945 -0.0744177 0.151685 0.99932 0.035803 -0.00241632 0.00845949
0.439712 -0.0742867 0.152123 0.999317 0.0359216 -0.00189715 0.0084878
0.440005 -0.0740739 0.152541 0.999312 0.0360645 -0.00139491 0.00852065
0.440407 -0.0737256 0.15304 0.999304 0.0362926 -0.000787483 0.00856619
0.440859 -0.0733243 0.153499 0.999291 0.0366558 -0.000213239 0.00862225
0.441314 -0.0729323 0.153937 0.999278 0.0370003 0.000343916 0.00865501
0.441897 -0.0724791 0.1545 0.99927 0.0372249 0.00108533 0.00856912
0.442496 -0.0722129 0.155066 0.999257 0.0375079 0.00180632 0.00865842
0.443172 -0.0720191 0.155762 0.999249 0.0376596 0.002684 0.00876599
0.443769 -0.0719265 0.156417 0.999243 0.0377188 0.00349779 0.00886383
0.444363 -0.0719321 0.157088 0.99924 0.0376804 0.00433109 0.00896642
0.444786 -0.0719812 0.157653 0.999238 0.0376353 0.00501559 0.0090373
0.445284 -0.072033 0.158361 0.999235 0.0375639 0.00586233 0.00911864
0.445802 -0.0720788 0.159081 0.999234 0.0374432 0.0067275 0.00920449
0.446531 -0.0721436 0.160034 0.999228 0.0373295 0.00788075 0.0093275
0.44739 -0.0722389 0.161044 0.999221 0.0372005 0.00911873 0.00947886
0.448269 -0.0723448 0.161981 0.999212 0.0370976 0.0102837 0.00964116
0.449269 -0.0724836 0.162963 0.9992 0.0369992 0.0115224 0.00983156
0.450848 -0.0727263 0.164322 0.999184 0.0367802 0.0132783 0.010141
0.451817 -0.0728772 0.165082 0.999178 0.0365019 0.0142784 0.0103328
0.452891 -0.0730304 0.165914 0.999177 0.0360368 0.015377 0.0105417
0.454064 -0.073155 0.166826 0.999173 0.0355191 0.0165791 0.0107669
0.455132 -0.0732115 0.167648 0.999171 0.0350115 0.0176641 0.0109664
0.45623 -0.0732234 0.168483 0.999163 0.0345987 0.0187662 0.0111679
0.457541 -0.073194 0.169468 0.99915 0.0341554 0.0200751 0.0114069
0.458633 -0.0731021 0.170294 0.999142 0.0336359 0.0211871 0.0115977
0.459985 -0.0729168 0.171301 0.999127 0.0331278 0.0225222 0.0118261
0.461532 -0.0725765 0.172406 0.999089 0.0331577 0.0239774 0.0120866
0.462675 -0.0721955 0.173145 0.999047 0.0336371 0.0249656 0.012281
0.463903 -0.0716853 0.173799 0.998999 0.0342815 0.0258942 0.0124874
0.464903 -0.0712318 0.174192 0.998965 0.0347181 0.0265176 0.0126532
0.465869 -0.0707986 0.174401 0.998942 0.0349866 0.0269529 0.0128145
0.467189 -0.0703921 0.17457 0.998938 0.0346255 0.0274757 0.0130353
0.468302 -0.0702682 0.174618 0.998951 0.0338756 0.0278332 0.0132331
0.469697 -0.0703689 0.174505 0.998991 0.0323241 0.0281078 0.0134916
0.47107 -0.0706471 0.174173 0.999037 0.0306933 0.0281635 0.0137674
0.472577 -0.070967 0.173787 0.999041 0.0304071 0.0281578 0.0141102
0.474401 -0.0712701 0.173256 0.999033 0.0305248 0.0281081 0.0145319
0.476136 -0.0713845 0.172945 0.999015 0.0308024 0.0282437 0.0149138
0.477849 -0.0713865 0.17278 0.99899 0.0311717 0.02852 0.015276
0.479619 -0.0713706 0.172549 0.998965 0.0315679 0.028752 0.0156527
0.481061 -0.0713699 0.172344 0.998945 0.0318817 0.028926 0.0159604
0.482493 -0.0713654 0.17198 0.998929 0.0322104 0.0289584 0.0162719
0.483661 -0.0713757 0.171689 0.998916 0.0324597 0.028992 0.0165235
0.485036 -0.071389 0.171295 0.998901 0.0327529 0.0289879 0.0168208
0.486211 -0.0714094 0.17096 0.998889 0.0329943 0.0289967 0.0170725
0.487842 -0.071512 0.170546 0.998872 0.0332363 0.0290821 0.0174255
0.48923 -0.0716354 0.17038 0.998855 0.0333959 0.0293244 0.0177204
0.490506 -0.0717692 0.1703 0.998837 0.0335191 0.0296142 0.0179901
0.492338 -0.0719604 0.170162 0.998813 0.0336963 0.0300043 0.0183763
0.493587 -0.072079 0.169913 0.998799 0.0338449 0.0301326 0.0186423
0.494521 -0.0721005 0.169539 0.998791 0.034027 0.0300642 0.0188369
0.495353 -0.0720213 0.16914 0.998783 0.0342905 0.029941 0.0189978
0.496279 -0.071857 0.168808 0.998768 0.0346393 0.0299151 0.01916
0.497479 -0.0715587 0.168502 0.998745 0.0351467 0.0299925 0.0193486
0.498621 -0.071225 0.168103 0.998725 0.0356271 0.0299781 0.019521
0.499572 -0.0709196 0.167567 0.998716 0.0359562 0.0297926 0.0196606
0.500544 -0.0706064 0.166854 0.998715 0.0361814 0.0294599 0.0198007
0.501436 -0.0702925 0.166051 0.998729 0.0360645 0.0290428 0.0199194
0.502418 -0.0699432 0.165188 0.998773 0.0350933 0.0286297 0.0200233
0.503487 -0.0695595 0.164261 0.998824 0.0338715 0.0282585 0.0201329
0.504816 -0.0691567 0.163178 0.998874 0.0326619 0.0277917 0.0202811
0.505889 -0.0688928 0.162217 0.998902 0.0321267 0.0273166 0.0204242
0.506818 -0.0686763 0.161071 0.998916 0.0321483 0.0266336 0.0205698
0.507681 -0.0685946 0.159931 0.998923 0.0324008 0.0259461 0.020738
0.508694 -0.068642 0.158829 0.998926 0.0325993 0.0253848 0.0209557
0.509723 -0.0688378 0.157759 0.998931 0.0326753 0.0248929 0.0212071
0.510846 -0.0690947 0.156784 0.998933 0.0326986 0.0245573 0.0214814
0.512102 -0.0693723 0.155751 0.998935 0.0327417 0.0241405 0.0217803
0.512979 -0.0695545 0.154618 0.998943 0.0328124 0.0234891 0.0219994
0.513624 -0.0696659 0.153603 0.998951 0.0329005 0.0228579 0.0221635
0.514347 -0.0698111 0.152106 0.998966 0.033012 0.0218566 0.0223604
0.514843 -0.0699149 0.150908 0.998977 0.033094 0.021038 0.0225017
0.515479 -0.0700543 0.149663 0.998987 0.0331756 0.0202726 0.0226785
0.516094 -0.0702049 0.148658 0.998991 0.03322 0.0197606 0.0228508
0.51688 -0.0703733 0.147767 0.998993 0.0332728 0.0193618 0.0230485
0.517739 -0.0705159 0.147178 0.99899 0.0333329 0.0191914 0.0232408
0.518525 -0.0706673 0.146388 0.99899 0.033392 0.018832 0.0234284
0.518986 -0.0707714 0.145469 0.998996 0.0334533 0.0182462 0.0235565
0.519281 -0.0707971 0.144557 0.999002 0.0335513 0.0176063 0.0236369
0.5194 -0.0707957 0.143513 0.999012 0.033654 0.0167942 0.0236867
0.519389 -0.0706832 0.142168 0.999023 0.0338581 0.0156848 0.0236993
0.519245 -0.0704315 0.14069 0.999032 0.0341708 0.014427 0.0236618
0.519221 -0.0701149 0.139489 0.999034 0.0345338 0.0134589 0.0236221
0.519409 -0.0697782 0.138361 0.999031 0.0349181 0.0126988 0.0236113
0.519864 -0.069478 0.137487 0.999023 0.035267 0.0122342 0.023643
0.52026 -0.0692554 0.136882 0.999019 0.0354896 0.0119251 0.0236708
0.520617 -0.0689841 0.136335 0.999016 0.0356582 0.0116357 0.0236762
0.520961 -0.0687084 0.136019 0.999012 0.0357986 0.0115283 0.0236696
0.521528 -0.068206 0.136034 0.999009 0.0358365 0.0117818 0.0236288
0.522013 -0.0675584 0.1363 0.999008 0.0357916 0.0122054 0.0235313
0.5223 -0.0668071 0.136448 0.999002 0.03597 0.0124522 0.0233846
0.522418 -0.0659881 0.136429 0.998999 0.0361374 0.0124991 0.0231991
0.52252 -0.0650137 0.136387 0.999002 0.0362065 0.0125244 0.0229704
0.522636 -0.064005 0.136368 0.999003 0.036294 0.0125763 0.0227358
0.522824 -0.0623692 0.136332 0.999005 0.0364573 0.0126598 0.0223531
0.52297 -0.0609866 0.136287 0.999007 0.0365686 0.0127127 0.0220297
0.523113 -0.0595714 0.136248 0.999009 0.0367124 0.0127676 0.0216988
0.523227 -0.0582891 0.136197 0.999015 0.0367002 0.0127976 0.0213981
0.523329 -0.0570018 0.136136 0.999034 0.0363536 0.0128186 0.0210909
0.523389 -0.0557481 0.136054 0.999049 0.0361169 0.012799 0.0207838
0.523365 -0.0545235 0.135933 0.999063 0.0359599 0.012664 0.0204764
0.523255 -0.0534201 0.135759 0.999108 0.0349438 0.0124432 0.0201761
0.523122 -0.0523919 0.13557 0.999144 0.0341308 0.0122476 0.0199016
0.523064 -0.0516281 0.135465 0.999181 0.0331881 0.0121722 0.0196999
0.52313 -0.0508351 0.135461 0.999209 0.0324186 0.0122301 0.0195061
0.523266 -0.0504063 0.135627 0.999222 0.0319983 0.0124452 0.019411
0.523426 -0.0503544 0.135995 0.999228 0.0316688 0.0128127 0.019402
0.523572 -0.0504794 0.136465 0.999226 0.0315272 0.0132404 0.019424
0.523738 -0.0506181 0.13705 0.999224 0.0313782 0.013755 0.0194384
0.523812 -0.0506829 0.137667 0.999222 0.0312941 0.0140806 0.0194287
0.523764 -0.0506718 0.138288 0.999221 0.0312563 0.0142817 0.0193889
0.523572 -0.0506284 0.138872 0.99922 0.031237 0.0144698 0.0193339
0.523092 -0.0505642 0.139506 0.999219 0.0312042 0.0147106 0.019247
0.522241 -0.0504571 0.140188 0.999221 0.0311595 0.0148953 0.0191088
0.521522 -0.0503689 0.140842 0.999221 0.031118 0.0151056 0.01899
0.520706 -0.0502743 0.141822 0.999219 0.0310494 0.0155769 0.0188536
0.520061 -0.0501668 0.142915 0.999212 0.0310055 0.0162128 0.0187356
0.519441 -0.0500518 0.144233 0.999202 0.0309574 0.0170462 0.0186151
0.518876 -0.049943 0.145577 0.99919 0.0309071 0.0179202 0.0185008
0.518204 -0.0498418 0.146729 0.999182 0.0308538 0.018577 0.018378
0.517246 -0.0497189 0.148165 0.999173 0.0307694 0.0193822 0.0182113
0.516256 -0.0496389 0.149191 0.99917 0.0306677 0.0198404 0.0180578
0.515237 -0.0495482 0.150188 0.999166 0.0305695 0.0202896 0.0178985
0.514235 -0.0494523 0.151157 0.999163 0.0304857 0.0207297 0.017742
0.513146 -0.0493421 0.152086 0.99916 0.0304018 0.0211093 0.0175715
0.512243 -0.0492428 0.152759 0.99916 0.0303461 0.0213438 0.0174304
0.511016 -0.0490919 0.15369 0.999157 0.0302887 0.0216858 0.0172365
0.510072 -0.0489769 0.154466 0.999154 0.0302351 0.0220074 0.0170858
0.509181 -0.048876 0.155179 0.999152 0.0301803 0.0222982 0.0169451
0.508346 -0.0487833 0.155831 0.99915 0.0301279 0.0225625 0.0168139
0.50739 -0.0487362 0.156369 0.999152 0.0300262 0.022692 0.0166707
0.50648 -0.0487078 0.156812 0.999157 0.0299129 0.0227596 0.0165371
0.505592 -0.0487218 0.157308 0.99916 0.0297671 0.0228783 0.0164165
0.504804 -0.048786 0.157775 0.999164 0.0295811 0.0230122 0.0163136
0.504021 -0.0488935 0.158175 0.99917 0.0293625 0.0230921 0.0162218
0.503265 -0.0490858 0.158504 0.999179 0.029069 0.0231237 0.0161451
0.502034 -0.0494385 0.158897 0.999197 0.0285653 0.023052 0.0160322
0.501088 -0.049691 0.159071 0.999213 0.0282028 0.0228845 0.0159449
0.500039 -0.0499482 0.159248 0.99923 0.0278182 0.0226921 0.0158439
0.499026 -0.0501697 0.159476 0.999244 0.0274631 0.0225632 0.0157386
0.498058 -0.0503521 0.159849 0.999254 0.0271427 0.0225759 0.0156258
0.497169 -0.0504883 0.160373 0.99926 0.0268663 0.0227424 0.0155157
0.496192 -0.0505768 0.160976 0.999263 0.0266185 0.0229641 0.0153859
0.495237 -0.0506206 0.1616 0.999265 0.0264171 0.0232146 0.015253
0.494215 -0.0506473 0.162516 0.999261 0.0261998 0.0237148 0.0151006
0.493476 -0.0506387 0.163438 0.999253 0.0260509 0.0243124 0.0149795
0.492792 -0.0506249 0.16431 0.999244 0.0259208 0.0248895 0.0148666
0.492002 -0.0505784 0.165296 0.999232 0.0257997 0.0255408 0.0147319
0.491276 -0.0505365 0.166301 0.999219 0.0256845 0.0262353 0.0146068
0.490469 -0.0504925 0.167327 0.999206 0.0255578 0.0269292 0.0144687
0.489719 -0.0504581 0.168312 0.999192 0.0254278 0.02761 0.0143392
0.488912 -0.0504452 0.169389 0.999178 0.0252674 0.0283562 0.0142025
0.487948 -0.0504235 0.170163 0.999171 0.0251139 0.0287834 0.0140494
0.486837 -0.0503903 0.170776 0.999171 0.0249555 0.0290046 0.0138752
0.485449 -0.0503479 0.171377 0.999175 0.0247697 0.0291503 0.0136607
0.484045 -0.0502929 0.171841 0.99918 0.0246034 0.0291917 0.0134478
0.482406 -0.0502339 0.172272 0.99919 0.024403 0.0291402 0.0131985
0.48121 -0.0502105 0.172512 0.999199 0.0242418 0.0290409 0.0130201
0.479849 -0.0502147 0.172729 0.999212 0.0240323 0.028878 0.0128197
0.478671 -0.0502658 0.17284 0.999225 0.023805 0.028669 0.0126517
0.477391 -0.0503906 0.173011 0.99924 0.023481 0.0284947 0.0124706
0.476132 -0.0505484 0.173147 0.999256 0.0231319 0.028296 0.0122958
0.474898 -0.0507464 0.173213 0.999274 0.0227464 0.0280395 0.0121278
0.473481 -0.0509954 0.173186 0.999298 0.0222849 0.0276477 0.0119347
0.472068 -0.0512496 0.173087 0.999323 0.021812 0.0271968 0.0117415
0.470741 -0.0515029 0.172955 0.999348 0.0213549 0.0267355 0.0115605
0.469335 -0.0517511 0.172694 0.999376 0.0208956 0.0261296 0.0113672
0.467761 -0.0519492 0.172322 0.999406 0.020467 0.0253756 0.011146
0.466241 -0.0520459 0.171945 0.999434 0.0201465 0.0246338 0.0109258
0.464737 -0.0520657 0.171609 0.999458 0.019908 0.0239305 0.0107012
0.463173 -0.0520217 0.171286 0.999481 0.0197172 0.023231 0.0104613
0.461666 -0.0519882 0.171011 0.999502 0.0195252 0.0225947 0.0102283
0.460062 -0.051985 0.170751 0.999523 0.0192825 0.0219495 0.00998029
0.45858 -0.0520223 0.170502 0.999544 0.0190109 0.0213496 0.00975218
0.45652 -0.0521288 0.17014 0.999573 0.0185773 0.0205063 0.00943939
0.455262 -0.0522334 0.16995 0.99959 0.0182636 0.0200224 0.00924855
0.453577 -0.0524149 0.169677 0.999614 0.0178012 0.0193573 0.00899345
0.451967 -0.0525562 0.169483 0.999634 0.0173794 0.0187951 0.00874605
0.450193 -0.0526612 0.169327 0.999654 0.0169693 0.0182343 0.00846878
0.448793 -0.0527043 0.169209 0.999668 0.0166809 0.0178053 0.00824764
0.446989 -0.0527403 0.169103 0.999685 0.0163311 0.0173054 0.00796148
0.445385 -0.0528246 0.169052 0.9997 0.0159555 0.0169033 0.00770792
0.443956 -0.052956 0.169012 0.999714 0.0155567 0.0165592 0.00748333
0.442618 -0.0531128 0.169003 0.999726 0.0151437 0.0162712 0.00727233
0.441041 -0.0533812 0.168902 0.999744 0.014566 0.015842 0.00702663
0.44001 -0.0536138 0.16879 0.999756 0.0141239 0.0155168 0.00686794
0.438888 -0.0538312 0.168541 0.999771 0.0136902 0.0150291 0.00670057
0.43776 -0.0540303 0.168013 0.999789 0.0132993 0.0142456 0.00654214
0.436587 -0.0542017 0.167175 0.99981 0.0129485 0.0131218 0.00638604
0.435495 -0.0543112 0.166309 0.999828 0.0126839 0.0119789 0.0062378
0.434409 -0.0543611 0.165354 0.999846 0.012489 0.0107396 0.00609146
0.433417 -0.0543133 0.164502 0.999859 0.0124124 0.00962366 0.00595287
0.432508 -0.054198 0.163787 0.999868 0.0124226 0.00866935 0.00582532
0.431487 -0.0540674 0.162988 0.999878 0.0124276 0.00759988 0.00568082
0.430482 -0.0539512 0.162226 0.999886 0.0124233 0.00657481 0.00554057
0.429488 -0.0538358 0.161467 0.999893 0.0124212 0.00556126 0.00540269
0.428843 -0.0537601 0.160877 0.999897 0.0124211 0.00480178 0.00531605
0.428581 -0.0537383 0.160488 0.999899 0.0124245 0.00434545 0.00528855
0.42849 -0.0537635 0.160131 0.999901 0.0124069 0.00404914 0.00529516
0.42841 -0.0537838 0.159708 0.999902 0.012393 0.00374913 0.00530986
0.428218 -0.0538085 0.159013 0.999904 0.0123795 0.0031448 0.00531807
0.428031 -0.0538485 0.158368 0.999906 0.0123427 0.00255673 0.00532179
0.427819 -0.053886 0.157646 0.999908 0.0123084 0.00187561 0.0053241
0.427558 -0.0539069 0.156806 0.99991 0.0123008 0.00108273 0.00532749
0.427351 -0.0539164 0.156025 0.99991 0.0123115 0.000376941 0.00533784
0.427329 -0.0539509 0.155394 0.99991 0.0123088 -1.96163e-06 0.00538179
0.427491 -0.054014 0.154656 0.999909 0.012314 -0.000117721 0.00548551
0.427704 -0.0540644 0.154056 0.999908 0.0123318 1.20321e-05 0.00559798
0.427939 -0.0541291 0.153328 0.999907 0.0123434 0.000269843 0.00573908
0.428138 -0.0541892 0.152599 0.999906 0.012354 0.000486308 0.00587188
0.428145 -0.0542346 0.151693 0.999906 0.0123632 0.000274386 0.00596638
0.427903 -0.0542809 0.150626 0.999906 0.0123429 -0.000525741 0.00600072
0.42747 -0.0543125 0.149559 0.999905 0.0123137 -0.0017065 0.00597936
0.427048 -0.0543588 0.148579 0.999903 0.0122595 -0.00284758 0.00595161
0.426501 -0.0544186 0.147305 0.999899 0.0121912 -0.00432117 0.00591835
0.42604 -0.0544985 0.14623 0.999894 0.0121013 -0.00556004 0.00589105
0.425594 -0.0545857 0.145231 0.999888 0.0120017 -0.00672062 0.00586449
0.42522 -0.0546988 0.144204 0.999882 0.0118867 -0.00779211 0.00585846
0.425061 -0.0548156 0.143462 0.999878 0.0117846 -0.00842376 0.00588193
0.424963 -0.0549344 0.142783 0.999874 0.0116834 -0.00892803 0.00591635
0.424721 -0.0550632 0.142021 0.99987 0.0115513 -0.00958483 0.00592853
0.424366 -0.0552328 0.141088 0.999863 0.011366 -0.0104832 0.00592754
0.424036 -0.0554254 0.140219 0.999856 0.0111574 -0.0113027 0.0059291
0.423779 -0.0556315 0.139415 0.999851 0.0109343 -0.0119616 0.00594429
0.423601 -0.0558283 0.138655 0.999847 0.0107343 -0.012427 0.00598013
0.423487 -0.0559909 0.137935 0.999844 0.0105814 -0.0127608 0.00602987
0.423412 -0.0560953 0.137265 0.999842 0.0104977 -0.0129876 0.00608654
0.423413 -0.056143 0.136651 0.99984 0.0104894 -0.0130785 0.0061579
0.423466 -0.0561712 0.135988 0.99984 0.0105154 -0.0130575 0.00625116
0.423492 -0.0561978 0.135275 0.999839 0.0105447 -0.0130706 0.00634387
0.423331 -0.0562082 0.134524 0.999832 0.0105608 -0.0135214 0.00638217
0.423022 -0.0561978 0.133792 0.999822 0.0105795 -0.0142942 0.00637221
0.422672 -0.0561811 0.133045 0.999809 0.0106016 -0.0151733 0.00635006
0.422326 -0.0561472 0.132301 0.999795 0.0106369 -0.0160494 0.00632847
0.422011 -0.0561143 0.131536 0.99978 0.0106893 -0.0168997 0.00631673
0.421853 -0.0560977 0.131026 0.999772 0.0107196 -0.01737 0.00632287
0.421771 -0.0560816 0.130719 0.999767 0.0107509 -0.0176143 0.00633136
0.421785 -0.0560236 0.130641 0.999766 0.0108264 -0.0176312 0.00634014
0.421799 -0.0559655 0.130656 0.999765 0.010893 -0.0176137 0.00633963
0.421813 -0.0557537 0.130645 0.999762 0.0111433 -0.0176286 0.0063365
0.421875 -0.0553557 0.130654 0.999757 0.0116102 -0.0176118 0.00633576
0.421964 -0.0547761 0.130676 0.99975 0.0122894 -0.0175782 0.00633217
0.422068 -0.0539952 0.130694 0.999739 0.0131988 -0.0175491 0.00632197
0.422179 -0.0531181 0.130695 0.999725 0.0142193 -0.0175385 0.00631069
0.422233 -0.0523563 0.130661 0.999711 0.015102 -0.0175847 0.00629502
0.422271 -0.0516836 0.130628 0.999699 0.0158837 -0.017632 0.00628586
0.422279 -0.0510334 0.130585 0.999685 0.0166369 -0.017691 0.00627738
0.422307 -0.0502701 0.13054 0.999669 0.0175235 -0.0177517 0.00627088
0.422329 -0.0495635 0.130504 0.999654 0.0183362 -0.0178037 0.00626354
0.422267 -0.0488456 0.130414 0.999636 0.0191629 -0.0179397 0.00624912
0.422124 -0.0482011 0.130274 0.999618 0.0198958 -0.0181482 0.00622949
0.422021 -0.0477283 0.130175 0.999605 0.0204304 -0.0182984 0.00621279
0.421902 -0.0470798 0.130055 0.999586 0.0211667 -0.0184842 0.00618663
0.42184 -0.0464488 0.129973 0.999568 0.021881 -0.0186264 0.0061581
0.421863 -0.0456895 0.129941 0.999547 0.0227573 -0.0186983 0.00613373
0.421938 -0.0449595 0.12994 0.999528 0.0235911 -0.0186955 0.00611604
0.42201 -0.0441513 0.129934 0.999506 0.0245173 -0.0187063 0.00609869
0.422031 -0.0434723 0.129905 0.999486 0.0252861 -0.0187663 0.00607994
0.422064 -0.0427736 0.129886 0.999466 0.026029 -0.0187995 0.00606575
0.42209 -0.0421766 0.129868 0.999454 0.0264719 -0.0188374 0.00606056
0.422095 -0.041622 0.129839 0.999445 0.026764 -0.018895 0.00606208
0.422167 -0.0410564 0.129866 0.999437 0.0270747 -0.0188544 0.00607871
0.422259 -0.0404274 0.129941 0.999435 0.0272193 -0.0187615 0.00610153
0.422365 -0.0398126 0.130031 0.999444 0.0269502 -0.0186424 0.00613068
0.422503 -0.0391355 0.130171 0.999464 0.0263408 -0.0184596 0.00616924
0.422646 -0.0384101 0.130335 0.999479 0.0258862 -0.0182535 0.00620498
0.422802 -0.0375388 0.130529 0.999499 0.0252387 -0.0180234 0.00623953
0.422974 -0.0366666 0.130748 0.999527 0.0242961 -0.0177658 0.00627116
0.423211 -0.0356961 0.131118 0.999562 0.0231177 -0.0173518 0.00629971
0.423382 -0.0349717 0.131476 0.999607 0.02135 -0.0170277 0.0063308
0.423558 -0.0342317 0.13202 0.999645 0.0198407 -0.0166082 0.00634366
0.423653 -0.0337249 0.132524 0.999658 0.0194669 -0.0162975 0.00633013
0.423826 -0.0333316 0.133207 0.99966 0.0198182 -0.0157195 0.00631122
0.424185 -0.033129 0.134118 0.999671 0.0200344 -0.0147204 0.00631429
0.424869 -0.033103 0.135548 0.999694 0.0200553 -0.0130305 0.00634324
0.425743 -0.0331718 0.137454 0.999722 0.019957 -0.0107918 0.00637787
0.426532 -0.0332158 0.139206 0.999743 0.0198912 -0.00874089 0.00641038
0.427389 -0.0332169 0.141119 0.999761 0.0198678 -0.00650791 0.00644418
0.428122 -0.0332062 0.142796 0.999771 0.0198636 -0.0045773 0.00647262
0.428687 -0.0331997 0.14423 0.999777 0.019853 -0.00303468 0.00648723
0.428956 -0.0331872 0.145249 0.99978 0.0198417 -0.0022466 0.00647164
0.428982 -0.0331659 0.146099 0.999781 0.0198254 -0.00205328 0.00641758
0.429067 -0.0331446 0.146745 0.999781 0.0198293 -0.00179386 0.00638893
0.429284 -0.033144 0.147232 0.999782 0.0198229 -0.0012425 0.00639773
0.429619 -0.0331549 0.147764 0.999783 0.0198218 -0.000590699 0.00642011
0.43026 -0.0331921 0.148457 0.999783 0.0198156 0.000305939 0.00647418
0.430969 -0.033242 0.149071 0.999782 0.0198067 0.00113719 0.00653814
0.431804 -0.0333055 0.149718 0.99978 0.0197914 0.00203063 0.00661442
0.432731 -0.0333761 0.15037 0.999778 0.0197813 0.00294894 0.00670311
0.433652 -0.0334491 0.151028 0.999774 0.0197716 0.00386611 0.00679131
0.434423 -0.0335086 0.151581 0.99977 0.0197688 0.00463205 0.00686479
0.435003 -0.0335521 0.152004 0.999767 0.0197608 0.00521651 0.00691966
0.435314 -0.0335715 0.15223 0.999765 0.0197645 0.00552941 0.00694956
0.435523 -0.0335868 0.152388 0.999764 0.0197614 0.0057501 0.00696932
0.435843 -0.0336091 0.152644 0.999762 0.0197587 0.00609813 0.00699875
0.436306 -0.0336421 0.15303 0.999758 0.0197522 0.00661926 0.0070422
0.437029 -0.0336949 0.153616 0.999752 0.0197434 0.00740973 0.00710944
0.437781 -0.0337459 0.154249 0.999745 0.0197391 0.00825669 0.00717938
0.438447 -0.033791 0.154876 0.999738 0.0197302 0.00907371 0.00723924
0.4392 -0.033835 0.155724 0.999727 0.019725 0.0101395 0.00730259
0.439669 -0.0338496 0.156405 0.999718 0.0197247 0.010961 0.00733741
0.440165 -0.0338709 0.157251 0.999707 0.0197073 0.0119604 0.00737107
0.440582 -0.0338829 0.158034 0.999696 0.0196958 0.0128752 0.00739736
0.441007 -0.0338871 0.158923 0.999682 0.0196792 0.0139015 0.00742099
0.441487 -0.0338996 0.159799 0.999668 0.0196567 0.0149296 0.00745234
0.442237 -0.0339284 0.160972 0.999646 0.019633 0.0163254 0.00750733
0.443129 -0.0339757 0.162106 0.999622 0.0196028 0.0177146 0.00758066
0.444058 -0.0340419 0.163025 0.999601 0.0195731 0.0188851 0.00766476
0.445055 -0.0341135 0.163861 0.999579 0.0195433 0.0199828 0.00775984
0.446216 -0.0342108 0.164724 0.999556 0.0194744 0.0211442 0.00787213
0.447115 -0.0342785 0.165411 0.999536 0.0194105 0.0220639 0.00795961
0.44778 -0.0343254 0.165894 0.999522 0.0193758 0.0227148 0.00802473
0.448327 -0.0343705 0.166264 0.999511 0.019335 0.0232263 0.00807949
0.448792 -0.0344088 0.166533 0.999502 0.0192967 0.0236127 0.00812639
0.449466 -0.0344639 0.166858 0.999491 0.0192027 0.0241062 0.00819593
0.450307 -0.0345351 0.167254 0.999478 0.0191063 0.0247104 0.00828285
0.451282 -0.0346165 0.167698 0.999461 0.0190257 0.025393 0.00838483
0.452247 -0.0347096 0.168108 0.999445 0.018961 0.0260387 0.00848732
0.453304 -0.0348058 0.168516 0.999428 0.0189016 0.0267017 0.00860137
0.454159 -0.0348888 0.168758 0.999415 0.0188751 0.0271505 0.00869605
0.455032 -0.0349779 0.168947 0.999404 0.018855 0.0275494 0.00879436
0.455874 -0.0350628 0.169084 0.999394 0.0188417 0.0278916 0.00889167
0.45686 -0.0351581 0.169275 0.999381 0.0188297 0.028323 0.00900393
0.458125 -0.0352775 0.169561 0.999363 0.0188227 0.0289199 0.00914699
0.459456 -0.0354098 0.169818 0.999345 0.0188114 0.0294961 0.00929872
0.460808 -0.0355402 0.170026 0.999327 0.0188135 0.0300315 0.00945388
0.462172 -0.0356741 0.170054 0.999314 0.0188238 0.030395 0.00961576
0.463317 -0.0357974 0.169926 0.999308 0.0188264 0.0305517 0.00975543
0.464382 -0.0359105 0.169742 0.999304 0.0188347 0.0306375 0.00988729
0.465552 -0.0360107 0.169507 0.9993 0.0188754 0.0307042 0.0100321
0.466767 -0.0360623 0.169339 0.999292 0.0189651 0.0308545 0.0101769
0.468243 -0.0360434 0.169279 0.999277 0.0191541 0.0311746 0.0103438
0.469468 -0.0359584 0.169302 0.999261 0.0193796 0.0315111 0.0104766
0.470726 -0.0358012 0.169264 0.999244 0.0196818 0.0318069 0.0106099
0.472014 -0.0356023 0.169324 0.999223 0.0200252 0.032204 0.0107407
0.473321 -0.0353766 0.16953 0.999197 0.020391 0.0327478 0.0108661
0.474539 -0.0351388 0.169843 0.999167 0.020752 0.0333707 0.0109779
0.475747 -0.0348795 0.170225 0.999135 0.0211202 0.0340629 0.0110809
0.476859 -0.0346066 0.170638 0.999102 0.0214861 0.0347572 0.0111713
0.47776 -0.0343639 0.171054 0.999072 0.0217936 0.0353961 0.0112395
0.478998 -0.0341265 0.171676 0.999033 0.0220453 0.0363222 0.0113365
0.480071 -0.0339587 0.172179 0.999002 0.0221164 0.0370918 0.0114197
0.480848 -0.0338204 0.172465 0.998983 0.0221038 0.0375774 0.0114755
0.481376 -0.0336928 0.172582 0.998976 0.02197 0.0378362 0.0115063
0.481773 -0.0335401 0.172573 0.998977 0.0217526 0.03794 0.0115194
0.482133 -0.033382 0.172433 0.998987 0.0213293 0.0379155 0.0115214
0.482524 -0.0332068 0.172143 0.998998 0.0210684 0.0377565 0.0115325
0.482913 -0.0330414 0.171788 0.999009 0.0209559 0.0375343 0.0115508
0.483411 -0.0328916 0.171342 0.999022 0.0208176 0.0372615 0.0115818
0.484087 -0.0327606 0.170776 0.999038 0.0206194 0.0369276 0.0116303
0.484948 -0.0326763 0.170197 0.999053 0.0203502 0.0366436 0.0117006
0.485715 -0.032654 0.169618 0.99907 0.0200049 0.0363317 0.0117665
0.486664 -0.0326318 0.168903 0.999091 0.0195934 0.0359519 0.0118492
0.487827 -0.032591 0.168107 0.999106 0.0194897 0.0355629 0.0119658
0.488935 -0.0325152 0.16737 0.999112 0.0196557 0.0352399 0.0120843
0.490439 -0.0324006 0.16645 0.999117 0.0199096 0.034905 0.0122465
0.491614 -0.0323148 0.165859 0.999118 0.020105 0.034723 0.0123699
0.492648 -0.032222 0.165213 0.999122 0.0202966 0.034458 0.0124794
0.493745 -0.0321356 0.164454 0.999128 0.0205055 0.034118 0.0125982
0.494998 -0.032105 0.163888 0.999127 0.0206683 0.0340129 0.0127313
0.496228 -0.032064 0.163422 0.999122 0.0208342 0.033993 0.0128556
0.497372 -0.0320201 0.16287 0.999122 0.020995 0.0338663 0.0129709
0.498511 -0.0319795 0.162277 0.999122 0.0211541 0.0337073 0.0130861
0.499427 -0.0319285 0.161675 0.999126 0.0213005 0.0334736 0.0131779
0.500391 -0.0318469 0.160978 0.999129 0.0214845 0.0332072 0.0132727
0.501361 -0.031747 0.160343 0.999129 0.0216809 0.0330408 0.0133657
0.502498 -0.0315811 0.159863 0.999123 0.0219469 0.0330195 0.0134597
0.503457 -0.0313876 0.159438 0.999118 0.0222142 0.0329714 0.0135291
0.504368 -0.0311021 0.158775 0.999118 0.0225517 0.0327182 0.0135831
0.505269 -0.0307543 0.158041 0.999122 0.0227949 0.0324069 0.013617
0.505952 -0.0304829 0.157439 0.999125 0.0230223 0.032129 0.0136399
0.506633 -0.0301904 0.15668 0.999133 0.0232496 0.0317165 0.0136589
0.50716 -0.0299895 0.155961 0.999142 0.0234377 0.0312908 0.0136796
0.507764 -0.0297613 0.154998 0.999153 0.0236511 0.0307649 0.0137065
0.508331 -0.0295894 0.154168 0.999162 0.0238043 0.030343 0.0137362
0.509016 -0.0294331 0.153113 0.999176 0.0239327 0.0297509 0.0137792
0.509647 -0.0293128 0.152067 0.999193 0.0239773 0.029096 0.01382
0.510186 -0.0292222 0.150963 0.999214 0.023976 0.0283751 0.0138588
0.510731 -0.0291484 0.149688 0.999236 0.0238815 0.0276197 0.0139041
0.511283 -0.0291086 0.148304 0.999263 0.0236818 0.0267951 0.0139551
0.511813 -0.029098 0.147084 0.999288 0.0234058 0.0260713 0.0140058
0.512307 -0.0290989 0.145629 0.999318 0.0231427 0.0250871 0.0140592
0.512874 -0.0291261 0.144123 0.999346 0.0229355 0.0241377 0.0141274
0.513537 -0.0291971 0.142459 0.999367 0.0228723 0.0232487 0.0142226
0.514046 -0.0292641 0.141368 0.999379 0.0228731 0.0226772 0.0142942
0.514618 -0.0293307 0.140285 0.999391 0.0228983 0.0220725 0.0143717
0.515132 -0.0293948 0.138948 0.999408 0.0229303 0.02118 0.0144451
0.515364 -0.0294331 0.137454 0.999429 0.0229773 0.0200784 0.0144954
0.515533 -0.0294481 0.135921 0.999448 0.0230412 0.0189851 0.0145387
0.515798 -0.0294401 0.134656 0.99946 0.0231231 0.0182148 0.0145814
0.516189 -0.0294438 0.133563 0.999468 0.023195 0.0176762 0.0146351
0.516632 -0.0294568 0.132749 0.999471 0.0232483 0.017378 0.0146906
0.517091 -0.0294908 0.132044 0.999473 0.0232838 0.0171468 0.0147488
0.517485 -0.0295268 0.131469 0.999474 0.0233067 0.0169886 0.014802
0.517826 -0.0295549 0.130928 0.999473 0.0233345 0.0169807 0.0148533
0.518123 -0.0295875 0.130572 0.999471 0.0233418 0.0170863 0.0148948
0.5183 -0.0296087 0.130433 0.999469 0.0233438 0.0171729 0.0149188
0.518372 -0.0295994 0.130481 0.999467 0.0233544 0.0172454 0.0149222
0.518455 -0.0295979 0.130569 0.999465 0.0233593 0.0173488 0.0149284
0.518572 -0.0296037 0.13068 0.999462 0.0233629 0.0174868 0.0149387
0.518795 -0.0296197 0.13087 0.999458 0.0233608 0.0177336 0.0149565
0.519166 -0.0296466 0.131147 0.999451 0.0233508 0.0181083 0.0149856
0.519558 -0.0296568 0.131493 0.999443 0.0233535 0.0185444 0.0150135
0.519817 -0.0296589 0.131728 0.999437 0.0233627 0.018838 0.0150326
0.51991 -0.029646 0.131786 0.999434 0.0233878 0.0189134 0.01504
0.519874 -0.0296651 0.131742 0.999436 0.0233789 0.0188558 0.015042
0.519885 -0.0296938 0.131767 0.999436 0.0233536 0.0188796 0.0150457
0.519886 -0.0296769 0.131762 0.999435 0.0233693 0.0188759 0.0150446
0.519889 -0.0296947 0.131767 0.999436 0.0233513 0.0188814 0.0150467
0.519892 -0.0297073 0.131773 0.999436 0.0233398 0.0188881 0.0150481
0.519886 -0.0296999 0.131758 0.999436 0.023347 0.0188732 0.015047
0.519891 -0.029703 0.131767 0.999436 0.0233464 0.0188825 0.0150474
0.519883 -0.0297135 0.131758 0.999436 0.0233335 0.0188718 0.0150478
0.519876 -0.0297194 0.131747 0.999437 0.0233288 0.01886 0.0150472
0.519877 -0.0297173 0.13175 0.999437 0.0233313 0.0188633 0.0150472
0.519863 -0.0297299 0.131733 0.999437 0.0233166 0.0188417 0.0150468
0.519859 -0.0297228 0.131729 0.999437 0.0233228 0.0188355 0.015046
0.519862 -0.0297216 0.131731 0.999437 0.0233258 0.0188385 0.0150459
0.519858 -0.029723 0.131727 0.999437 0.023322 0.0188318 0.0150455
0.51986 -0.0297203 0.131729 0.999437 0.0233276 0.0188346 0.0150456
0.519857 -0.0297259 0.131727 0.999437 0.0233236 0.0188309 0.0150466
0.519857 -0.0297277 0.131728 0.999437 0.0233193 0.0188319 0.0150461
0.519856 -0.029723 0.131726 0.999437 0.0233228 0.0188301 0.0150458
0.519855 -0.0297248 0.131724 0.999437 0.0233218 0.0188281 0.0150456
0.519858 -0.029723 0.131728 0.999437 0.0233245 0.0188333 0.0150456
0.519856 -0.029721 0.131726 0.999437 0.0233243 0.01883 0.0150453
0.519857 -0.029725 0.131726 0.999437 0.0233232 0.0188305 0.0150463
0.519857 -0.0297232 0.131727 0.999437 0.0233224 0.0188311 0.015046
0.519856 -0.029722 0.131726 0.999437 0.0233257 0.0188303 0.0150456
0.519857 -0.0297258 0.131726 0.999437 0.0233191 0.0188307 0.0150459
0.519858 -0.0297239 0.131728 0.999437 0.0233221 0.0188326 0.0150459
0.519858 -0.029723 0.131728 0.999437 0.0233213 0.0188329 0.0150457
0.519856 -0.0297238 0.131726 0.999437 0.0233214 0.0188284 0.0150455
0.519858 -0.0297232 0.131728 0.999437 0.0233231 0.0188326 0.0150461
0.519858 -0.0297221 0.131728 0.999437 0.0233239 0.0188324 0.0150455
0.519857 -0.0297242 0.131727 0.999437 0.0233232 0.0188309 0.0150458
0.519858 -0.0297211 0.131728 0.999437 0.0233263 0.0188319 0.0150458
0.519855 -0.0297249 0.131725 0.999437 0.0233215 0.0188277 0.0150458
0.519857 -0.029723 0.131726 0.999437 0.023324 0.0188294 0.0150456
0.519856 -0.0297244 0.131726 0.999437 0.0233215 0.0188288 0.0150459
0.519857 -0.0297253 0.131727 0.999437 0.0233212 0.01883 0.0150458
0.519858 -0.0297213 0.131728 0.999437 0.0233288 0.0188324 0.015046
0.519856 -0.0297289 0.131725 0.999438 0.0233159 0.0188279 0.0150462
0.519857 -0.0297258 0.131727 0.999437 0.0233218 0.0188291 0.0150462
0.519856 -0.029725 0.131726 0.999437 0.0233218 0.018828 0.0150455
0.519856 -0.0297236 0.131726 0.999437 0.0233205 0.0188284 0.0150462
0.519856 -0.0297244 0.131726 0.999437 0.0233226 0.0188287 0.0150459
0.519856 -0.029727 0.131726 0.999437 0.0233233 0.018829 0.0150462
0.519855 -0.0297241 0.131725 0.999437 0.0233225 0.0188275 0.0150455
0.519856 -0.0297254 0.131726 0.999438 0.0233188 0.0188288 0.0150458
0.519856 -0.0297232 0.131726 0.999437 0.0233212 0.0188292 0.0150457
